5.071025554986937633e-01
9.146507490899691284e-02
-5.221541112017454855e-01
9.477912580349754368e-01
3.752387359709655756e-01
-1.009105049634689832e-01
-1.665781865712939069e+00
-1.930416689215737502e+00
2.571323549148633258e+00
-9.209125069575808675e-01
-2.196722680131292016e+00
2.352386431759889707e-02
1.726504926492401504e+00
-1.031347112119511245e+00
2.450435846005781571e+00
-8.992438770391117941e-01
-8.088958350528643315e-01
1.341108571554052498e+00
-8.955279968449604278e-01
-2.276742731720848401e+00
-9.482365924084595887e-01
-2.600261518725491605e+00
-1.898972611880574979e-01
-1.511124123864037161e+00
7.610565049014386130e-01
-3.467153874044103801e-01
-2.081295606887366922e+00
1.928231122031138223e-01
7.507155379181134069e-01
1.219657778101266077e+00
6.842303813027792447e-01
-3.004090337549335521e-01
